nan
8.845294993511769455e-02
7.695266978627926524e-02
7.700157336295113120e-02
7.670053447217659026e-02
7.619893488264144199e-02
7.564134008640645279e-02
7.518057078035794705e-02
7.486777097576663431e-02
7.462890204773915681e-02
7.440287366087444676e-02
7.424787189619228012e-02
7.435152015389531743e-02
7.492094310731908791e-02
7.598768935194627483e-02
7.737024379626561421e-02
7.888067538773595178e-02
8.044089701142516369e-02
8.199734483277781871e-02
8.348316026769403431e-02
8.480771553781682459e-02
8.586273073406680556e-02
8.664762452869552434e-02
8.729809364391052928e-02
8.790561571616593850e-02
8.841467310683370773e-02
8.876954475464388095e-02
8.906798249513447896e-02
8.949293423715246054e-02
9.018273183068108156e-02
9.123201411514454684e-02
9.273045131633989024e-02
9.474316736454849175e-02
9.725513817860835519e-02
1.001250960282156627e-01
1.031309331448995587e-01
1.060527895950023336e-01
1.086803104331870995e-01
1.107960419333758884e-01
1.122035282612657420e-01
1.127252851528073863e-01
1.122289761446086248e-01
1.108345139312850308e-01
1.090467287435093330e-01
1.075061872545505920e-01
1.067448837742534518e-01
1.072361395474797086e-01
1.093178444381351644e-01
1.129671121298313069e-01
1.178128254479213904e-01
1.233010068739183174e-01
1.288346850154613032e-01
1.338494154691014515e-01
1.378024164566926391e-01
1.402799983090209923e-01
1.412238957976512388e-01
1.409094564980840902e-01
1.397353124867334040e-01
1.381811576692233146e-01
1.368559793469502073e-01
1.364191374492152442e-01
1.373716782650863943e-01
1.398664908329269596e-01
1.436896925014513882e-01
1.483058768848256326e-01
1.529565092150990402e-01
1.569231162190919959e-01
1.597349575164673796e-01
1.611332391510209294e-01
1.610296895714864729e-01
1.595851198271425742e-01
1.572739657055966522e-01
1.548485236431596523e-01
1.530844829340213820e-01
1.525506127277041490e-01
1.536668651677423059e-01
1.567304657346063612e-01
1.618025771631642629e-01
1.686859557601660675e-01
1.769834752003759670e-01
1.861136663746245090e-01
1.954305116499993611e-01
2.044338660317686074e-01
2.127716030456450191e-01
2.201902889939634511e-01
2.265518379614651912e-01
2.317100821615393769e-01
2.354516094862689202e-01
2.377278836070354784e-01
2.387558241383389290e-01
2.387823399179112849e-01
2.380125220484166637e-01
2.368513389958228355e-01
2.359664213461697690e-01
2.360023482742862888e-01
2.373835171027814384e-01
2.403518532665463447e-01
2.450265168978236208e-01
2.514282965877008280e-01
2.594679063032848676e-01
2.689211318923475647e-01
2.794654071353452340e-01
2.907053127394634284e-01
3.021266515986323897e-01
3.131658494461435627e-01
3.233633721137634254e-01
3.323971169499256861e-01
3.400476984690188886e-01
3.462124712618073197e-01
3.509515745218662053e-01
3.544142965132307532e-01
3.567045452102672320e-01
3.579542582507454496e-01
3.584836579011299040e-01
3.587550200285893887e-01
3.591674405290900540e-01
3.599702493918258694e-01
3.614476956122982254e-01
3.640122862907014811e-01
3.679869357481650449e-01
3.734423618226446751e-01
3.803489731810194563e-01
3.887609223355177335e-01
3.987761841233092852e-01
4.103947462768802179e-01
4.234442636243225255e-01
4.376389023576086612e-01
4.527275035461545416e-01
4.685352268599983216e-01
4.848246579066705086e-01
5.013080622687657861e-01
5.178321670041856617e-01
5.343268675793102496e-01
5.506679140403587525e-01
5.667546130373832813e-01
5.825726026888717879e-01
5.981141719961223790e-01
6.134385971298232931e-01
6.286988361382481738e-01
6.438692936617431695e-01
6.586591782956469077e-01
6.728166104329559305e-01
6.862689731987599018e-01
6.989152113776622155e-01
7.105908978882619076e-01
7.213602655543824849e-01
7.315623276984872803e-01
7.414862159587239931e-01
7.511651051184751182e-01
7.604500708729859948e-01
7.691457817254548912e-01
7.770749347419346753e-01
7.841167926264301924e-01
7.902113521774855043e-01
7.952649817287301692e-01
7.991299514642817847e-01
8.017132537644765522e-01
8.029825276878234108e-01
8.029472866905581485e-01
8.017929534834019600e-01
7.999878457864323389e-01
7.981782315038373765e-01
7.968919754732736171e-01
7.964024014272363949e-01
7.969032742913401135e-01
7.986054461585778697e-01
8.016701381922817227e-01
8.062157321926451958e-01
8.124112547813499008e-01
8.204256655491045658e-01
8.301776625620442829e-01
8.411650416065143965e-01
8.526717061409573306e-01
8.640632023891404723e-01
8.747589577907070035e-01
8.842629819863669915e-01
8.923632311557591068e-01
8.990944680166007563e-01
9.046441952885452276e-01
9.092180870504592560e-01
9.130773456283918232e-01
9.167460319077737063e-01
9.207438149430091645e-01
9.253015499741708005e-01
9.304972352660640933e-01
9.364323370748056652e-01
9.432826749421310275e-01
9.511163723507300993e-01
9.597328362126968937e-01
9.688890980760201943e-01
9.785223441929424837e-01
9.886469146750296311e-01
9.991447505380637306e-01
1.009690824505592666e+00
1.019824016044553083e+00
1.029082069409375411e+00
1.037031236646530852e+00
1.043241555322739211e+00
1.047533246871236390e+00
1.050110275901259493e+00
1.051281158392091131e+00
1.051343039916090571e+00
1.050623059596952569e+00
1.049455654724994913e+00
1.048311018811059370e+00
1.047958158942481788e+00
1.049278018631364606e+00
1.052751247799297962e+00
1.058471071352082182e+00
1.066301588713992832e+00
1.075812751003938805e+00
1.086534545392611850e+00
1.098225623528630512e+00
1.110795456425275995e+00
1.124004714621560153e+00
1.137383645530399390e+00
1.150360630288725483e+00
1.162279280389846514e+00
1.172424085926800919e+00
1.180277354851232419e+00
1.185800348726647080e+00
1.189133748610301966e+00
1.190246847171795963e+00
1.189088678183277459e+00
1.185722329126334795e+00
1.180224175090911931e+00
1.172926337411761999e+00
1.164580252848135267e+00
1.155755270702138349e+00
1.146483220309355344e+00
1.136667112647822497e+00
1.126407744139645173e+00
1.115918856533677728e+00
1.105555024824345312e+00
1.095593785338902171e+00
1.085888789862069048e+00
1.076260927511016652e+00
1.066866677900176530e+00
1.057945828190159476e+00
1.049551173266965565e+00
1.041689566938845068e+00
1.034626360487076013e+00
1.028702043329586813e+00
1.024078078687946647e+00
1.020996834891936045e+00
1.019911673778932215e+00
1.021252459139839308e+00
1.025325125385753600e+00
1.032317667627048685e+00
1.042131713748473798e+00
1.054377931297721505e+00
1.068677546795112399e+00
1.084776684368427890e+00
1.102331171348027050e+00
1.120663258756357417e+00
1.138892938178310388e+00
1.156137992771879119e+00
1.171491123375959065e+00
1.184139868669952245e+00
1.193619618385088010e+00
1.199754423317860086e+00
1.202490202969413335e+00
1.202055183936360905e+00
1.198811313907022003e+00
1.192950683867451511e+00
1.184701763044031075e+00
1.174464276651151717e+00
1.162743404834760241e+00
1.150234215782790503e+00
1.137750642964591163e+00
1.125921948031481046e+00
1.115153686545596212e+00
1.105849734788670879e+00
1.098310717245652102e+00
1.092582644447106066e+00
1.088607798711411334e+00
1.086237094514928225e+00
1.085183528379576545e+00
1.084949151749327934e+00
1.084723460435755182e+00
1.083771415993251219e+00
1.081844555759545079e+00
1.078886917091562259e+00
1.074829509348081080e+00
1.069839250514312834e+00
1.064326913437804834e+00
1.058797172255767860e+00
1.053811877333133973e+00
1.049877088415566817e+00
1.047416358647642820e+00
1.046942577871842639e+00
1.048968461666323515e+00
1.053668656087961786e+00
1.060854297199649743e+00
1.070191956888294493e+00
1.081265900668998636e+00
1.093581165877881567e+00
1.106425960182348955e+00
1.118665245386266660e+00
1.129167696802379162e+00
1.137336787380085479e+00
1.142938007187606075e+00
1.145762284745965642e+00
1.145523185015124623e+00
1.142026492078377142e+00
1.135480918117054427e+00
1.126568368484351268e+00
1.116080322159432647e+00
1.104701478370441858e+00
1.093235641404003866e+00
1.082710540975089453e+00
1.074116615523785345e+00
1.068203464167817751e+00
1.065599580690418602e+00
1.066694819857842758e+00
1.071408631450663673e+00
1.079368922300423916e+00
1.090042935877651553e+00
1.102698633223893498e+00
1.116538790447864082e+00
1.130814559702450151e+00
1.144712800692843757e+00
1.157301747927487856e+00
1.167754283507071555e+00
1.175502149016242281e+00
1.180103988252626079e+00
1.181216612014984513e+00
1.178723369954146394e+00
1.172803463267720447e+00
1.163849474179436738e+00
1.152483553288371931e+00
1.139558312651319127e+00
1.125939905916470751e+00
1.112365877958857885e+00
1.099414192359663200e+00
1.087541314889016286e+00
1.077203320605481407e+00
1.068898390136591159e+00
1.063127783115314973e+00
1.060196160625463069e+00
1.060068808514700311e+00
1.062589661645880090e+00
1.067634282821805947e+00
1.074800012394340420e+00
1.083397843504938729e+00
1.092830182865106581e+00
1.102500951790729600e+00
1.111655244944811161e+00
1.119562103641442929e+00
1.125640295913046485e+00
1.129540687331952897e+00
1.131158462686266741e+00
1.130561382159765094e+00
1.127966633764439175e+00
1.123580685562502346e+00
1.117570120377863629e+00
1.110239341924617928e+00
1.101986156533143690e+00
1.093246955891762351e+00
1.084548029163875160e+00
1.076323618854968078e+00
1.068778704458398732e+00
1.062095263878460205e+00
1.056555796767962185e+00
1.052295047592433308e+00
1.049142296794118190e+00
1.046845261472468591e+00
1.045220804152479310e+00
1.044095406207878662e+00
1.043312962268081678e+00
1.042818156965037879e+00
1.042530524320034457e+00
1.042204472041962759e+00
1.041735453760532337e+00
1.041386701905882450e+00
1.041438221991745738e+00
1.041999157645790763e+00
1.043314457646767224e+00
1.045922474712397188e+00
1.050327292784249522e+00
1.056696050578793900e+00
1.064979228669912459e+00
1.075052091439913982e+00
1.086697514128903252e+00
1.099641808361500717e+00
1.113488660025822696e+00
1.127584545652032366e+00
1.141147084343000717e+00
1.153460968385965124e+00
1.163780583626843113e+00
1.171235318106835788e+00
1.175099345331209300e+00
1.175112985609267691e+00
1.171299954449114944e+00
1.163694961786349902e+00
1.152470071897439885e+00
1.138031390822493716e+00
1.121079643052586894e+00
1.102679123909776848e+00
1.084034503857958631e+00
1.066170498813015399e+00
1.050000000000000044e+00
