3.190556913539657757e-01
2.994617336911571948e-01
2.643463039291105154e-01
2.160416890029930870e-01
1.588302336763577349e-01
9.817469623568865489e-02
3.928192370003721900e-02
-1.507647712184837299e-02
-6.157454398427244374e-02
-9.651186532114955363e-02
-1.180311387946873514e-01
-1.256984616489753015e-01
-1.212149014175765427e-01
-1.092525849594694898e-01
-9.296902646630264555e-02
-7.127487279879905768e-02
-4.369583072063112916e-02
-1.236968914183413266e-02
1.973278216799717252e-02
4.933568551305672623e-02
7.518515350864989066e-02
9.825067378032176224e-02
1.176601585848722209e-01
1.305864073881600196e-01
1.353294007351195094e-01
1.327406804465452728e-01
1.255750472644823201e-01
1.159835219237106696e-01
1.042639705712092441e-01
9.011897901834250990e-02
7.319893214460150566e-02
5.265615906504751004e-02
2.793902426336421566e-02
-2.850968890689953273e-04
-3.035269792103900688e-02
-6.066613575136339809e-02
-9.017867379816454920e-02
-1.175281425728654100e-01
-1.414762317721658669e-01
-1.620029154497531210e-01
-1.777612705753446876e-01
-1.832621392142123051e-01
-1.732028526531514401e-01
-1.476970202312542779e-01
-1.084340889069516645e-01
-5.676660454179844467e-02
2.265277821398568089e-03
6.199320130837226300e-02
1.174931619941876615e-01
1.645155548800172896e-01
2.005805280525600198e-01
2.258170670818921699e-01
2.400370629640793951e-01
2.437230487689629743e-01
2.401446887956071308e-01
2.313170261977487430e-01
2.158391783317405721e-01
1.926146922689883911e-01
1.622950847305878463e-01
1.248978194229395794e-01
8.044041503165288987e-02
3.079197894983036130e-02
-2.305073218617012532e-02
-8.166948694559153510e-02
-1.427739164342758937e-01
-2.010972397630996222e-01
-2.530876952874517860e-01
-2.973214918495676873e-01
-3.315734433106563572e-01
-3.525616152152843963e-01
-3.559601480937562568e-01
-3.383003615580405521e-01
-3.005527847280695108e-01
-2.450282643601579546e-01
-1.738931130709192030e-01
-9.269817117486835178e-02
-8.735435941695349898e-03
7.217075566786168572e-02
1.450256773816843703e-01
2.056994693035178179e-01
2.539337849049477236e-01
2.918087476797892044e-01
3.205352500415594719e-01
3.413877211455673688e-01
3.553863867541612875e-01
3.623962539106689862e-01
3.635694333388896360e-01
3.619454366756597041e-01
3.584480504722324934e-01
3.505046492858524543e-01
3.363127098795137826e-01
3.180179709252864417e-01
2.986850913309051503e-01
2.774546664796166962e-01
2.509681866779310822e-01
2.192022159825778860e-01
1.858191049284904917e-01
1.528687193236392683e-01
1.189761306517871792e-01
8.347179349629289813e-02
4.778894028349402190e-02
1.228185239696402177e-02
-2.290880090340877834e-02
-5.643111584730721442e-02
-8.889687369212753709e-02
-1.218029071473715336e-01
-1.538651536726593216e-01
-1.831958783002803626e-01
-2.106290744599753906e-01
-2.380780026548556250e-01
-2.636197111855803077e-01
-2.821662669058314643e-01
-2.917548682810604532e-01
-2.939894094555342008e-01
-2.905454883701608648e-01
-2.801345654168768684e-01
-2.580040612324537297e-01
-2.223490814763147694e-01
-1.781610161278073812e-01
-1.312127062596359639e-01
-8.260221459805935917e-02
-3.136217697025841383e-02
2.187976874161793109e-02
7.489339605357403507e-02
1.251587601246719750e-01
1.707642572559353311e-01
2.107445669229669749e-01
2.441104894378483825e-01
2.700885236294663927e-01
2.909830464653358484e-01
3.111756946011999259e-01
3.323308502844695145e-01
3.523803581407199403e-01
3.692688271916511611e-01
3.824228007611954472e-01
3.919795297619275698e-01
3.988302632160803385e-01
4.025120938350276734e-01
4.019815614708874274e-01
3.990631921164772278e-01
3.961706010309466452e-01
3.923800516399868488e-01
3.864197145538967870e-01
3.814573713942081556e-01
3.812719309584037264e-01
3.848433958307221348e-01
3.891385275825144374e-01
3.930718435072818040e-01
3.955340057379542751e-01
3.937500159964311131e-01
3.865668929384760144e-01
3.762019208561928618e-01
3.647548919729355354e-01
3.510054837705486874e-01
3.324493117380392104e-01
3.087783213960192397e-01
2.828848809443805790e-01
2.590898817050426017e-01
2.401293069741855524e-01
2.270785934740971734e-01
2.200163640360451034e-01
2.168195364884461518e-01
2.145302318101080241e-01
2.121723303494816304e-01
2.105737789299273188e-01
2.101317368379143624e-01
2.110358194270171295e-01
2.153856459055492889e-01
2.253753911960911238e-01
2.383279283300394624e-01
2.481054815883389775e-01
2.530448544829987934e-01
2.540358667420803962e-01
2.491383857713071470e-01
2.383468020946100108e-01
2.240795569569943579e-01
2.076672425799425126e-01
1.908210806117878744e-01
1.753167153088070751e-01
1.649902750658968353e-01
1.632649100271248432e-01
1.662382920905541572e-01
1.686288513149635515e-01
1.691327318566048787e-01
1.699195143942897890e-01
1.739997506321698806e-01
1.795800651984710838e-01
1.837863592838527294e-01
1.881149713114683153e-01
1.955769135995645280e-01
2.070502736262799515e-01
2.210988161506265148e-01
2.349612807455382091e-01
2.449659154382269610e-01
2.482041262963108341e-01
2.435853547098772443e-01
2.321671304808119451e-01
2.178094661223542172e-01
2.034443986584457409e-01
1.875614106428644123e-01
1.691824483343674912e-01
1.518728070718289025e-01
1.390536244033510060e-01
1.325878443345900048e-01
1.356933615082925593e-01
1.495805529883372786e-01
1.699918011809138929e-01
1.910869233200824524e-01
2.107106820311887008e-01
2.298866507790236213e-01
2.479421966116253651e-01
2.646434849655510679e-01
2.847624637002345027e-01
3.093503794207219659e-01
3.309581081527860902e-01
3.443008470582800129e-01
3.498403624505613263e-01
3.468941804766543235e-01
3.349672427097680760e-01
3.174250512775685928e-01
2.943266521618924103e-01
2.615143877405773365e-01
2.196564740592928666e-01
1.732938461829076904e-01
1.246758349277568428e-01
7.788155578969122028e-02
3.765356592529040675e-02
1.246980879646494497e-03
-3.498567205815508729e-02
-6.805009928815701492e-02
-9.511804510385908629e-02
-1.158785318730004704e-01
-1.288653903496213282e-01
-1.362555054427779522e-01
-1.419228084867850403e-01
-1.438566309338696336e-01
-1.395028947355186899e-01
-1.306378465801506794e-01
-1.190268807958145270e-01
-1.024536959792877316e-01
-7.824449176690290164e-02
-4.818637982720427176e-02
-1.382048544841320455e-02
2.569617719694405542e-02
7.039623498024670523e-02
1.201466539576977882e-01
1.743535686111076788e-01
2.289026949420809864e-01
2.787002702189402270e-01
3.230478887383720354e-01
3.631761467841991831e-01
3.989440596177309950e-01
4.273849536881698108e-01
4.444218569627290116e-01
4.490502465954610556e-01
4.416045561921220219e-01
4.226391174338174905e-01
3.927359150661705600e-01
3.539023807662778354e-01
3.095266121491307421e-01
2.625107474316238920e-01
2.149127411728442572e-01
1.659383211607348696e-01
1.160767748724020609e-01
6.833394796604862209e-02
2.221943682086665109e-02
-2.158550901834109526e-02
-5.763318887506347493e-02
-8.386760962751237114e-02
-1.027770894613725811e-01
-1.149469393171854703e-01
-1.203781937765234650e-01
-1.209417091661937060e-01
-1.166858839655575963e-01
-1.083729950816734039e-01
-9.900892443014897015e-02
-8.965247728352784828e-02
-8.269345293218829940e-02
-8.199864642542725734e-02
-8.448725942972844238e-02
-8.495886509732085423e-02
-8.496440992155281091e-02
-8.565563816586582724e-02
-8.344715919729750464e-02
-7.640803894338936419e-02
-6.618750308843654451e-02
-5.369057705289928539e-02
-3.799246510728362947e-02
-1.889266118291963586e-02
2.302205215801385752e-03
2.314924288515781206e-02
4.185018459028016363e-02
5.683579005713629284e-02
6.620250118351395097e-02
7.042426133807874744e-02
6.993886566425037976e-02
6.113105905431805154e-02
4.255881915482520594e-02
1.877270411253383411e-02
-6.875932915960039984e-03
-3.477505635786962146e-02
-6.478899898234889709e-02
-9.588333683884285585e-02
-1.262989806916053614e-01
-1.520661668470197903e-01
-1.701602094398090570e-01
-1.808491515800396410e-01
-1.841198375523848685e-01
-1.780954303113312931e-01
-1.611891670815066291e-01
-1.357291579034373419e-01
-1.044585261701466289e-01
-6.703529596817618674e-02
-2.607771028918088804e-02
1.330651912290609258e-02
4.834265543980193619e-02
7.782513786863129446e-02
1.014131006666684903e-01
1.196137317368062281e-01
1.321739136048661611e-01
1.373335838722102575e-01
1.351034534139652632e-01
1.282610328204315808e-01
1.175536436701123955e-01
1.015794079513979292e-01
8.142383035024775007e-02
6.040726752149249562e-02
4.053564981878061274e-02
2.274874776152239000e-02
8.916204551704861106e-03
-1.759903658872690780e-04
-5.826932052111385464e-03
-8.893885626693300364e-03
-9.561735432436638607e-03
-8.484485047632156843e-03
-5.826591699811013714e-03
2.100278627008737647e-04
9.973159086020888867e-03
1.967089160946286844e-02
2.741000735589652418e-02
3.662966536935483020e-02
4.767886504340027726e-02
5.536401675311349024e-02
5.919548728459884945e-02
6.135902167711567573e-02
5.953385703949774788e-02
5.323119200917823118e-02
4.449088870425956660e-02
3.295832933400603959e-02
1.877091037441011578e-02
3.860571166433488226e-03
-7.919541170099781910e-03
-1.578759982710041879e-02
-2.432089000400763229e-02
-3.382124524066653509e-02
-4.113305537005225443e-02
-4.609660513288578454e-02
-4.905149963733572427e-02
-4.954545192152547128e-02
-4.811452524671977482e-02
-4.606597043021942034e-02
-4.352450917183248169e-02
-3.937381265305022610e-02
-3.468124527373366017e-02
-3.189909916031434534e-02
-3.131018297952496698e-02
-3.127945118409713315e-02
-3.089761046077186060e-02
-2.953661154742634118e-02
-2.635364577983150339e-02
-2.340469872918582092e-02
-2.217888799691177665e-02
-1.914557457918830349e-02
-1.158652487927679282e-02
-1.362512369187348195e-03
1.006252938395553291e-02
2.516678573216481543e-02
4.599398604091185783e-02
7.006908931258749862e-02
9.383434450799350846e-02
1.158930656889787941e-01
1.355813347911230815e-01
1.513252571899482979e-01
1.626334818979588148e-01
1.688315350354389344e-01
1.683095723923789533e-01
1.618911977088477450e-01
1.490861316093526623e-01
1.261687163299505532e-01
9.409023488016594883e-02
5.930675308030369103e-02
2.526609455409773927e-02
-9.673799550599285202e-03
-4.535687882359146911e-02
-7.946025764314476603e-02
-1.102863072980244524e-01
-1.332951644892713394e-01
-1.443268951535652267e-01
-1.446301102281048467e-01
-1.367122823630896600e-01
-1.194566331796909631e-01
