3.124080213412693041e+00
3.137224088466465055e+00
3.130694407539285073e+00
3.129165754045912351e+00
3.125393546813298506e+00
3.129563601370303871e+00
3.139398326171656706e+00
3.131194132522072682e+00
3.136148596921995768e+00
3.135456983909717721e+00
3.116625151333591859e+00
3.086517812493904778e+00
3.054173893112004379e+00
3.030073997493717197e+00
3.010210162966108882e+00
2.989742309140150489e+00
2.974593832667268956e+00
2.966853553964452939e+00
2.961209515973412643e+00
2.960285133071749009e+00
2.970604268946192228e+00
2.989375894309099113e+00
3.013698522497354926e+00
3.045955403987823829e+00
3.082417930994932220e+00
3.118513501753545469e+00
3.121725487705546698e+00
3.065790041213401373e+00
3.009242361649765662e+00
2.968355522966665827e+00
2.936131882132660298e+00
2.898405561163533317e+00
2.861769614277988705e+00
2.846426359962130892e+00
2.852463863511467856e+00
2.864360511611557136e+00
2.880039096692506906e+00
2.908207976186098165e+00
2.947248207676099518e+00
2.992656752637315343e+00
3.048471345933537968e+00
3.114591924393924849e+00
3.101041256616861475e+00
3.031597755367755553e+00
2.956058261242496155e+00
2.886268184541880721e+00
2.837456481844984779e+00
2.805772271443607302e+00
2.778487898034909254e+00
2.754973626786700880e+00
2.743773414580991776e+00
2.749889858675079068e+00
2.777305763336469724e+00
2.829476880958629259e+00
2.895891556818408930e+00
2.958259853215603030e+00
3.014666221643278021e+00
3.080574456096815794e+00
3.121972443721988899e+00
3.042074439970031019e+00
2.976058984498369142e+00
2.917229927912036835e+00
2.859781622202199447e+00
2.816674441289596320e+00
2.800461698974123337e+00
2.805726301881543261e+00
2.827704544109545193e+00
2.870246900291127723e+00
2.929111029475995220e+00
2.996172166972375983e+00
3.073330794298194668e+00
3.124853038704613617e+00
3.044286285708385886e+00
2.970393813515549652e+00
2.896919270279714187e+00
2.827231914817123215e+00
2.769080742049020216e+00
2.720837438668759045e+00
2.679640490220780435e+00
2.651248398316943256e+00
2.640179372207497099e+00
2.645459724403746993e+00
2.671058941556783584e+00
2.716557823895180857e+00
2.765733544574431768e+00
2.810871186553764112e+00
2.867835576970509504e+00
2.944185134338854315e+00
3.023184789477823653e+00
3.096641678218126081e+00
3.102976602697650410e+00
3.003591015481914983e+00
2.910444678195855062e+00
2.840054719799184113e+00
2.783503437544696091e+00
2.733224248251684863e+00
2.699197638621411599e+00
2.684250615799809836e+00
2.676740966422203716e+00
2.674132165401845729e+00
2.687202782659500855e+00
2.716642047382392899e+00
2.751177839778824907e+00
2.789033736696056032e+00
2.836740889888422323e+00
2.895583678939776195e+00
2.966363289422714988e+00
3.050248188275293870e+00
3.138438589290826641e+00
3.059938419551424538e+00
2.972786706653399058e+00
2.877534793792977830e+00
2.784743603694245007e+00
2.704788781591620506e+00
2.632955497571880077e+00
2.558990609968346153e+00
2.484931833119174982e+00
2.418941691511084180e+00
2.363200781296992403e+00
2.315209719464297322e+00
2.278690760864588327e+00
2.259279694229963553e+00
2.253867277619811205e+00
2.257839412746390551e+00
2.275750921321156639e+00
2.308613251773239394e+00
2.345370480925232926e+00
2.384587191369250014e+00
2.437275217962877605e+00
2.495756103554933603e+00
2.538150157171900734e+00
2.566594876828395488e+00
2.598314589435204436e+00
2.635235995602267511e+00
2.673857386765575495e+00
2.720521043987670140e+00
2.773220744474679034e+00
2.823398123369778911e+00
2.880112418583065104e+00
2.955476987924060328e+00
3.035696954331313702e+00
3.105184471739944829e+00
3.114935988467592232e+00
3.059343251988028811e+00
3.020675704409259588e+00
2.990430448345684944e+00
2.956664307172252926e+00
2.928892311319170716e+00
2.912472996292907013e+00
2.885395565021786624e+00
2.830170899138178875e+00
2.762262638754956257e+00
2.699556173867417641e+00
2.633667771500925348e+00
2.558087030038102228e+00
2.482127048067387154e+00
2.406278571620033002e+00
2.319749602842056557e+00
2.225995140301869846e+00
2.135080868614005922e+00
2.041313274857616378e+00
1.944791020200030474e+00
1.864151327568224659e+00
1.799113053186256472e+00
1.721659378980253230e+00
1.626268709031438497e+00
1.543678060103425231e+00
1.494856174340281285e+00
1.466399333941392769e+00
1.443368376222362137e+00
1.427245368202815445e+00
1.421589054357311088e+00
1.422965354798265025e+00
1.423301034385811459e+00
1.417822635695783040e+00
1.412240441572249594e+00
1.414748639988308909e+00
1.419529556096501111e+00
1.417244707470079135e+00
1.416112902054028844e+00
1.426136476553930166e+00
1.437806017014150228e+00
1.438644227641860951e+00
1.426524720774509980e+00
1.403271313708217782e+00
1.377199869089914763e+00
1.361219850686791411e+00
1.364670761323223180e+00
1.387772178492165942e+00
1.426001990224950333e+00
1.475766333021498289e+00
1.528752268605878761e+00
1.575781708992973762e+00
1.618586986746725742e+00
1.659268685130322218e+00
1.690682682157842009e+00
1.706542348254357577e+00
1.709818852002816136e+00
1.694562741206099510e+00
1.640444641768413980e+00
1.550155167360252051e+00
1.461673752129156512e+00
1.398515159143784992e+00
1.344503776834413689e+00
1.284692632550928026e+00
1.235037643916897299e+00
1.209806859838248094e+00
1.202852318947957855e+00
1.207434638963116313e+00
1.209946741030337947e+00
1.191153698486099088e+00
1.152004640527104939e+00
1.111770909096962967e+00
1.077111611738414965e+00
1.044456241740931546e+00
1.018118103005853925e+00
9.986198339184255701e-01
9.772974975430139821e-01
9.520830674748737010e-01
9.267994181282824817e-01
8.896203051999406197e-01
8.239615051519646460e-01
7.437881499682266195e-01
5.612278578422936759e-01
5.040472756678915367e-01
4.365698182344899259e-01
3.668421043148963889e-01
2.820232114835616866e-01
3.543521851375333043e-01
2.775763618771378560e-01
2.286510336355718209e-01
9.597179340862016517e-03
1.414370881414850345e-02
1.045952104610670119e-02
7.359168080474987050e-03
8.723628530182825358e-03
5.751274520984006600e-03
2.144539981675230855e-02
5.569082240422090768e-02
7.949964843975623752e-02
1.039338570758276126e-01
1.316269795677529331e-01
1.609352303268197781e-01
1.810232046420361396e-01
1.867828652305980608e-01
1.908077572576325487e-01
2.063850322324203290e-01
2.305019251154662996e-01
2.531540071180096163e-01
2.707567708711313692e-01
2.852574485163632545e-01
3.031238408455585454e-01
3.305408664386835227e-01
3.611527419731122013e-01
3.786323377991903660e-01
3.826726555881493907e-01
3.899917224381344028e-01
3.970387190041976266e-01
3.795773917980844181e-01
3.423518035510868529e-01
3.076089185607830956e-01
2.689409576101280397e-01
2.165124802392803804e-01
1.654009797062991893e-01
1.250839503125305008e-01
8.626642990789079590e-02
4.458187976705740851e-02
1.272472446670391832e-03
4.565325875079562223e-02
8.997671259885198225e-02
1.271469552152093563e-01
1.653467465202974607e-01
1.955645508260471233e-01
1.954768188786537020e-01
1.732366702418181581e-01
1.472315994542784390e-01
1.091800292724200983e-01
5.728561776974760988e-02
1.551362843160841720e-02
9.278476095004428714e-03
3.442383062705545171e-02
5.770284974277117840e-02
6.774333139960431183e-02
7.879718142779656986e-02
9.522989214508470468e-02
9.198634960942686511e-02
6.747252276799109438e-02
5.201826765172334888e-02
4.857970660401167429e-02
2.919411282244999128e-02
7.899866537996846905e-03
4.079841520625465678e-02
6.923246930349968853e-02
1.056918053062414486e-01
1.423492966887609512e-01
1.707487981749913342e-01
1.982192060160663516e-01
2.189349514318972290e-01
2.193476834736420855e-01
2.110980541188358650e-01
2.158435892622199148e-01
2.281790147799258595e-01
2.299940516952860836e-01
2.214942915249760169e-01
2.111947519364634207e-01
1.951129547297022482e-01
1.645831027936446866e-01
1.255154659275661833e-01
9.251401897694461196e-02
7.053681998941196962e-02
5.992811378829920876e-02
6.173560747679562866e-02
6.783715189496852815e-02
6.912784291211204746e-02
6.930561082045105792e-02
7.398661173204246211e-02
7.879592736167095879e-02
7.476935197210243800e-02
5.852455075574836130e-02
3.606376756381091120e-02
1.497964266252838073e-02
6.065938824624472758e-03
3.509470086931254507e-02
7.323303571909718646e-02
1.119556702537359560e-01
1.448409432105859374e-01
1.722308369897899150e-01
1.944921377123394191e-01
2.135216315256944775e-01
2.328767887441332007e-01
2.450505898970711804e-01
2.377660088766173629e-01
2.172746945155825671e-01
1.972097449515839429e-01
1.717289446053453794e-01
1.343432507133552889e-01
1.022114747956088809e-01
8.480453744394900184e-02
6.411567476419310907e-02
3.306151559835918130e-02
8.489164589278591633e-03
6.770484684992750246e-03
2.733370790776279424e-02
4.822097630003630009e-02
5.704136856575714454e-02
6.408574103373987363e-02
7.704232356657669811e-02
8.003373227164534143e-02
6.793317078645033646e-02
5.961324753594432480e-02
6.207676196486344722e-02
5.831379070324826941e-02
4.103068167979651015e-02
2.326080655307061207e-02
8.148107887403277516e-03
1.460968473038515292e-02
3.856478611409036583e-02
4.719394846481826666e-02
5.022947034192859483e-02
6.662686748684198967e-02
8.036815007607223116e-02
6.766047843187306121e-02
3.909157655140393928e-02
1.010226319138229911e-02
2.559076673353777309e-02
6.705033290584072603e-02
9.491771740430454685e-02
9.987752410241412804e-02
9.085287146302212236e-02
7.691294652282931743e-02
6.337888718333295479e-02
5.431989789413349534e-02
4.498466603710515876e-02
2.718183592629008771e-02
2.012886139011460518e-03
2.236398840256009768e-02
4.222040289995576678e-02
6.039218512097865865e-02
7.960180352315626706e-02
9.387802922559296270e-02
9.597555028091786511e-02
8.934136328851716158e-02
8.132430094447640201e-02
7.359364790091049713e-02
6.505192994661657124e-02
6.051732480551041959e-02
6.930983080574670829e-02
8.791858272085439907e-02
9.949846256814520729e-02
9.964158152689805981e-02
9.713751600665654351e-02
9.181305475693772589e-02
7.972866870287187435e-02
6.685582375697951552e-02
6.014108652960237222e-02
5.815485826879385201e-02
5.744109805541408598e-02
5.272492556650743012e-02
3.743848689959650144e-02
1.759298868479008959e-02
8.262053753827380831e-03
