-3.036340368128033762e-01
-2.940537984291685669e-01
-2.673799736960800755e-01
-2.244990022288975706e-01
-1.699146368442798483e-01
-1.087199056349786586e-01
-4.681677403689372269e-02
1.000890227226494678e-02
5.707092737221394069e-02
9.233299474360574799e-02
1.167550631066472527e-01
1.318953907799388647e-01
1.378667247147181696e-01
1.344645295279703334e-01
1.222285670672379337e-01
1.020352809838775132e-01
7.499247943743579670e-02
4.297525031820504521e-02
8.721215444261251962e-03
-2.527850712763103636e-02
-5.710608762083796419e-02
-8.445017798267359654e-02
-1.051466617853056840e-01
-1.191210270880095068e-01
-1.267863068993042575e-01
-1.268597581345564662e-01
-1.189909199719116906e-01
-1.052270004440308965e-01
-8.718735994964181557e-02
-6.492234749874276067e-02
-3.820133300894098388e-02
-7.144089685734974181e-03
2.655312079013133486e-02
5.979045379003494753e-02
9.026787117695828089e-02
1.168051241698302711e-01
1.382484999825837613e-01
1.532989181280305369e-01
1.613129994432838943e-01
1.624364469625479979e-01
1.577548866512172299e-01
1.492599534288564234e-01
1.379453356671592190e-01
1.231103089173134074e-01
1.042814064561992937e-01
8.196351202149393389e-02
5.593096999973123234e-02
2.476429693082485631e-02
-1.196321219309039695e-02
-5.214504118752145284e-02
-9.305806492282991949e-02
-1.342027805001157759e-01
-1.746707886246480768e-01
-2.098862081016716064e-01
-2.350017295864343658e-01
-2.475663844853568663e-01
-2.449017045312457952e-01
-2.236028532109386457e-01
-1.819844868931149995e-01
-1.208548694972953752e-01
-4.574925519709868715e-02
3.376834129478762520e-02
1.098565242907368067e-01
1.771552565278627089e-01
2.311159984634750530e-01
2.701429862395052783e-01
2.958960320744739581e-01
3.102826337510684040e-01
3.151026211798964027e-01
3.128927944332577926e-01
3.058181304038733450e-01
2.941363740890139966e-01
2.760539427458152395e-01
2.496571198634200961e-01
2.151208314356583828e-01
1.744552207164700997e-01
1.294867274174029137e-01
8.150078619179973449e-02
3.173050905984511894e-02
-1.891362684187146773e-02
-6.906438732577679929e-02
-1.170659495071579709e-01
-1.620551022535690888e-01
-2.029932233246546369e-01
-2.393085076829582214e-01
-2.726163221514296686e-01
-3.036765863914768770e-01
-3.298238842443674823e-01
-3.485406474197125237e-01
-3.587854439641929294e-01
-3.575760999098687720e-01
-3.409770225441255964e-01
-3.090614741267655452e-01
-2.643981215982010302e-01
-2.080901645025780011e-01
-1.430125002014075997e-01
-7.494237523948937829e-02
-7.868362113797539373e-03
5.701544430850472023e-02
1.178005532095305480e-01
1.716719984678485300e-01
2.163663547034915813e-01
2.494121835906580875e-01
2.701641796092140724e-01
2.821503165239545030e-01
2.892540142419023352e-01
2.921259616867073472e-01
2.917725578514346885e-01
2.921331737796945549e-01
2.952838787633178530e-01
2.982787268080231424e-01
2.985290769900782459e-01
2.981684924442773443e-01
2.997822204223575260e-01
3.019818400215316112e-01
3.017670169993954543e-01
2.971205996303554198e-01
2.872479575127045437e-01
2.727582755796683633e-01
2.550579038969827961e-01
2.356453027787601684e-01
2.155407097650546555e-01
1.948761955436517090e-01
1.727984106797323116e-01
1.484339856943774905e-01
1.228406601969333628e-01
9.889962522915260457e-02
7.797265555977778151e-02
5.859956661603554079e-02
3.946689294485569016e-02
1.941220888002663861e-02
-3.424504557937436359e-03
-2.787855960472186700e-02
-5.013141852232931572e-02
-6.865434011595407393e-02
-8.357680263178551838e-02
-9.317673947860262429e-02
-9.729194377970513952e-02
-1.009777209300598833e-01
-1.088686527742111915e-01
-1.196637520021588963e-01
-1.304573310013862064e-01
-1.424944151394238190e-01
-1.576168331088188546e-01
-1.727368261327880128e-01
-1.839573149959385090e-01
-1.925094792361806695e-01
-2.024891109153419133e-01
-2.148397386740786563e-01
-2.267230494015875231e-01
-2.362912029398741287e-01
-2.443410556037379500e-01
-2.524880851718458441e-01
-2.610594434010465870e-01
-2.675539701065565712e-01
-2.699527523934055484e-01
-2.705613380724761208e-01
-2.719016209105761250e-01
-2.716424169103056063e-01
-2.653053925775177846e-01
-2.520937950694451257e-01
-2.349243937425545270e-01
-2.147879040912138160e-01
-1.904592861671240978e-01
-1.628650296778351159e-01
-1.339400879332321714e-01
-1.038155789656391992e-01
-7.319154121747184494e-02
-4.623867909486228250e-02
-2.799629841217023823e-02
-2.014452890661218298e-02
-2.157232485894939114e-02
-3.071635513725667899e-02
-4.535396110462163594e-02
-6.155091117106627208e-02
-7.568672873399229228e-02
-8.509715765602533788e-02
-8.953481892561593325e-02
-9.159807405947435754e-02
-9.132601884267141368e-02
-8.755055541005161979e-02
-8.065835076644572998e-02
-7.080471849854066968e-02
-5.783994184106468206e-02
-4.235301896944091565e-02
-2.666799728543294695e-02
-1.381152283594042421e-02
-5.165864855810753907e-03
5.208782652720977003e-05
2.339366104642556614e-03
1.907496105739280457e-04
-8.843467964033997417e-03
-2.611061881655747999e-02
-4.938192300106340749e-02
-7.453221139119006744e-02
-1.006496616132481481e-01
-1.272281394131638543e-01
-1.502057597893635688e-01
-1.669724245801877394e-01
-1.763278780436334237e-01
-1.768269175120503467e-01
-1.717916833347815919e-01
-1.638224474417956933e-01
-1.502349752676264694e-01
-1.282688654607707368e-01
-1.020387340714220686e-01
-7.752586500444068329e-02
-5.412149529666364367e-02
-3.525412567582577456e-02
-2.599624854650870592e-02
-2.289578028110177133e-02
-2.104144660314865786e-02
-2.515308611235585537e-02
-4.108253570926263115e-02
-6.470258381695689898e-02
-9.232519781324928509e-02
-1.263034700768558005e-01
-1.654801113729372775e-01
-2.014237656050102687e-01
-2.288614187820446066e-01
-2.491493765456331555e-01
-2.615463488327580688e-01
-2.647669519015429795e-01
-2.620172406739605941e-01
-2.543702916504747558e-01
-2.369032238472731089e-01
-2.101809684774931242e-01
-1.814660963534794058e-01
-1.556102820339221593e-01
-1.332025091297844854e-01
-1.133478047989956577e-01
-9.417244183394589407e-02
-7.473215393320335742e-02
-5.953699884891230226e-02
-5.154646951423506873e-02
-4.752389060957757511e-02
-4.439381234738505599e-02
-4.248429869835422534e-02
-4.387043193868121749e-02
-4.799492755702591124e-02
-5.230700707099269348e-02
-5.756128804177411407e-02
-6.428747530526540688e-02
-6.871757762259621261e-02
-6.872242752394248921e-02
-6.659793806360216062e-02
-6.371473284872850029e-02
-5.959484834538170822e-02
-5.633423310698153219e-02
-5.625419373701561615e-02
-5.807055296654690252e-02
-6.043361800570623554e-02
-6.529227245527556567e-02
-7.536369570190647182e-02
-9.088930232604665316e-02
-1.121331846281323763e-01
-1.399510092734359834e-01
-1.702297695333937766e-01
-1.971378895981675816e-01
-2.208423408253192277e-01
-2.406296980859818357e-01
-2.524815929033883410e-01
-2.573808018636412620e-01
-2.582774620323355363e-01
-2.545905820455181545e-01
-2.434320740649178749e-01
-2.230136114385882495e-01
-1.946166128696748265e-01
-1.606977084725402238e-01
-1.242023439562092574e-01
-8.686416985644894451e-02
-4.842950242045915982e-02
-1.154023516135528615e-02
2.001029981652057560e-02
4.576277125564714304e-02
6.603694888280094155e-02
7.907738760421308133e-02
8.127936652842653042e-02
7.201805097233486552e-02
5.591346673431582537e-02
3.652162536290454870e-02
1.498436144281430592e-02
-5.753345836701553515e-03
-2.302023467429872849e-02
-3.568993556438115888e-02
-4.070187612487283224e-02
-3.679886398234572670e-02
-2.721744113891393785e-02
-1.212074096772356412e-02
1.223094121566942714e-02
4.462119766816623895e-02
7.834679755562924675e-02
1.100221218030595222e-01
1.398310721220544228e-01
1.656087130731207779e-01
1.851729119611244812e-01
1.946458090354206416e-01
1.885653807280817384e-01
1.695638583572394165e-01
1.454579747517756871e-01
1.200686537298305268e-01
9.184649034639968956e-02
5.897561119314426170e-02
2.447548109837045446e-02
-5.281129020759967388e-03
-2.633699603165261596e-02
-4.012473695718221656e-02
-4.737210612873448551e-02
-4.529016646094047999e-02
-3.273440181513422725e-02
-1.135327086127731894e-02
1.760878720682517232e-02
5.181159789264042775e-02
8.559288635595954653e-02
1.153706320453549844e-01
1.405550326657283855e-01
1.586796183407796490e-01
1.668819695814505455e-01
1.649293320109810612e-01
1.533197363729514595e-01
1.312917675363133030e-01
9.826796447478074181e-02
5.601890797102946490e-02
7.969246374497465299e-03
-4.300428045494160412e-02
-9.494165951312082130e-02
-1.452493733971828294e-01
-1.907157479329962269e-01
-2.283967840930610782e-01
-2.547854260962882922e-01
-2.679093727022767712e-01
-2.682949800210612801e-01
-2.579827652433793750e-01
-2.400254701740208163e-01
-2.150495048784083207e-01
-1.822372827449468824e-01
-1.424588614455776781e-01
-9.738355000139832518e-02
-4.954638768335450222e-02
-2.887474164915905268e-03
3.978753475525809158e-02
7.661789365179515199e-02
1.047341996047335411e-01
1.231332353617194675e-01
1.323600786053725220e-01
1.318267569699844155e-01
1.201334358556398751e-01
9.746918440050340859e-02
6.795844893228415728e-02
3.689592117365912000e-02
6.290783319558095575e-03
-2.446578466387016454e-02
-5.428980095725913918e-02
-8.017039775960338455e-02
-1.005688602870083020e-01
-1.155678818412198272e-01
-1.249470292032993923e-01
-1.267981175524284521e-01
-1.205221506433785533e-01
-1.097717429768446246e-01
-9.664247653315082009e-02
-7.918287661740265604e-02
-5.814286063657478354e-02
-3.828930610681418462e-02
-2.166418427216833947e-02
-7.143734619523758357e-03
4.651620556666654152e-03
1.247862552024844689e-02
1.708247841749414159e-02
1.934343006117332509e-02
1.838714100444536342e-02
1.411647009542277287e-02
1.004631427481567259e-02
8.489567652363938857e-03
7.582749717609697099e-03
7.655747685338837837e-03
1.240172204969386231e-02
2.354813850865186339e-02
3.834664851464137519e-02
5.361190714590154810e-02
6.878583991093291383e-02
8.304724144314633294e-02
9.618407572227616331e-02
1.075766509231672885e-01
1.136974582443248671e-01
1.112964853420279343e-01
9.958391147449181802e-02
8.035707792067246780e-02
5.493296262630793791e-02
2.128064649960247773e-02
-2.010602190133025866e-02
-6.332415910729394248e-02
-1.047021893815587856e-01
-1.437404920821490073e-01
-1.785815441065181086e-01
-2.062882256144127069e-01
-2.241634904038881937e-01
-2.300588768407235973e-01
-2.235880619795645174e-01
-2.068975782389628759e-01
-1.802863257551875209e-01
