5.000000000000000000e-01
6.011011011011011540e-01
7.022022022022021970e-01
8.033033033033032400e-01
9.044044044044043940e-01
1.005505505505505548e+00
1.106606606606606480e+00
1.207707707707707634e+00
1.308808808808808788e+00
1.409909909909909942e+00
1.511011011011011096e+00
1.612112112112112028e+00
1.713213213213213182e+00
1.814314314314314336e+00
1.915415415415415268e+00
2.016516516516516422e+00
2.117617617617617576e+00
2.218718718718718730e+00
2.319819819819819884e+00
2.420920920920920594e+00
2.522022022022022192e+00
2.623123123123122902e+00
2.724224224224224056e+00
2.825325325325325210e+00
2.926426426426426364e+00
3.027527527527527518e+00
3.128628628628628672e+00
3.229729729729729826e+00
3.330830830830830536e+00
3.431931931931931690e+00
3.533033033033032844e+00
3.634134134134133998e+00
3.735235235235235152e+00
3.836336336336336306e+00
3.937437437437437460e+00
4.038538538538539058e+00
4.139639639639639768e+00
4.240740740740740478e+00
4.341841841841841187e+00
4.442942942942942786e+00
4.544044044044044384e+00
4.645145145145145094e+00
4.746246246246245803e+00
4.847347347347347402e+00
4.948448448448448111e+00
5.049549549549549710e+00
5.150650650650650419e+00
5.251751751751752018e+00
5.352852852852852727e+00
5.453953953953953437e+00
5.555055055055055035e+00
5.656156156156155745e+00
5.757257257257257343e+00
5.858358358358358053e+00
5.959459459459459651e+00
6.060560560560560361e+00
6.161661661661661071e+00
6.262762762762762669e+00
6.363863863863863379e+00
6.464964964964964977e+00
6.566066066066065687e+00
6.667167167167167285e+00
6.768268268268267995e+00
6.869369369369369593e+00
6.970470470470470303e+00
7.071571571571571013e+00
7.172672672672672611e+00
7.273773773773773321e+00
7.374874874874874919e+00
7.475975975975975629e+00
7.577077077077077227e+00
7.678178178178177937e+00
7.779279279279279535e+00
7.880380380380380245e+00
7.981481481481480955e+00
8.082582582582581665e+00
8.183683683683682375e+00
8.284784784784784861e+00
8.385885885885885571e+00
8.486986986986988057e+00
8.588088088088088767e+00
8.689189189189189477e+00
8.790290290290290187e+00
8.891391391391390897e+00
8.992492492492491607e+00
9.093593593593594093e+00
9.194694694694694803e+00
9.295795795795795513e+00
9.396896896896896223e+00
9.497997997997996933e+00
9.599099099099099419e+00
9.700200200200200129e+00
9.801301301301300839e+00
9.902402402402401549e+00
1.000350350350350404e+01
1.010460460460460475e+01
1.020570570570570545e+01
1.030680680680680616e+01
1.040790790790790687e+01
1.050900900900900936e+01
1.061011011011011007e+01
1.071121121121121078e+01
1.081231231231231149e+01
1.091341341341341398e+01
1.101451451451451469e+01
1.111561561561561540e+01
1.121671671671671611e+01
1.131781781781781682e+01
1.141891891891891930e+01
1.152002002002002001e+01
1.162112112112112072e+01
1.172222222222222143e+01
1.182332332332332214e+01
1.192442442442442463e+01
1.202552552552552534e+01
1.212662662662662605e+01
1.222772772772772676e+01
1.232882882882882924e+01
1.242992992992992995e+01
1.253103103103103066e+01
1.263213213213213137e+01
1.273323323323323208e+01
1.283433433433433457e+01
1.293543543543543528e+01
1.303653653653653599e+01
1.313763763763763670e+01
1.323873873873873919e+01
1.333983983983983990e+01
1.344094094094094061e+01
1.354204204204204132e+01
1.364314314314314203e+01
1.374424424424424451e+01
1.384534534534534522e+01
1.394644644644644593e+01
1.404754754754754664e+01
1.414864864864864913e+01
1.424974974974974984e+01
1.435085085085085055e+01
1.445195195195195126e+01
1.455305305305305197e+01
1.465415415415415445e+01
1.475525525525525516e+01
1.485635635635635587e+01
1.495745745745745658e+01
1.505855855855855907e+01
1.515965965965965978e+01
1.526076076076076049e+01
1.536186186186186120e+01
1.546296296296296191e+01
1.556406406406406440e+01
1.566516516516516511e+01
1.576626626626626582e+01
1.586736736736736653e+01
1.596846846846846724e+01
1.606956956956956972e+01
1.617067067067067043e+01
1.627177177177177114e+01
1.637287287287287185e+01
1.647397397397397611e+01
1.657507507507507327e+01
1.667617617617617753e+01
1.677727727727727824e+01
1.687837837837837895e+01
1.697947947947947966e+01
1.708058058058058037e+01
1.718168168168168108e+01
1.728278278278278179e+01
1.738388388388388250e+01
1.748498498498498321e+01
1.758608608608608392e+01
1.768718718718718819e+01
1.778828828828828890e+01
1.788938938938938961e+01
1.799049049049049032e+01
1.809159159159159103e+01
1.819269269269269174e+01
1.829379379379379245e+01
1.839489489489489316e+01
1.849599599599599387e+01
1.859709709709709813e+01
1.869819819819819884e+01
1.879929929929929955e+01
1.890040040040040026e+01
1.900150150150150097e+01
1.910260260260260168e+01
1.920370370370370239e+01
1.930480480480480310e+01
1.940590590590590381e+01
1.950700700700700807e+01
1.960810810810810878e+01
1.970920920920920949e+01
1.981031031031031020e+01
1.991141141141141091e+01
2.001251251251251162e+01
2.011361361361361233e+01
2.021471471471471304e+01
2.031581581581581375e+01
2.041691691691691801e+01
2.051801801801801872e+01
2.061911911911911943e+01
2.072022022022022014e+01
2.082132132132132085e+01
2.092242242242242156e+01
2.102352352352352227e+01
2.112462462462462298e+01
2.122572572572572369e+01
2.132682682682682795e+01
2.142792792792792866e+01
2.152902902902902937e+01
2.163013013013013008e+01
2.173123123123123079e+01
2.183233233233233150e+01
2.193343343343343221e+01
2.203453453453453292e+01
2.213563563563563363e+01
2.223673673673673790e+01
2.233783783783783861e+01
2.243893893893893932e+01
2.254004004004004003e+01
2.264114114114114074e+01
2.274224224224224145e+01
2.284334334334334216e+01
2.294444444444444287e+01
2.304554554554554358e+01
2.314664664664664429e+01
2.324774774774774855e+01
2.334884884884884926e+01
2.344994994994994997e+01
2.355105105105105068e+01
2.365215215215215139e+01
2.375325325325325210e+01
2.385435435435435281e+01
2.395545545545545352e+01
2.405655655655655423e+01
2.415765765765765849e+01
2.425875875875875920e+01
2.435985985985985991e+01
2.446096096096096062e+01
2.456206206206206133e+01
2.466316316316316204e+01
2.476426426426426275e+01
2.486536536536536346e+01
2.496646646646646417e+01
2.506756756756756843e+01
2.516866866866866914e+01
2.526976976976976985e+01
2.537087087087087056e+01
2.547197197197197127e+01
2.557307307307307198e+01
2.567417417417417269e+01
2.577527527527527340e+01
2.587637637637637411e+01
2.597747747747747837e+01
2.607857857857857908e+01
2.617967967967967979e+01
2.628078078078078050e+01
2.638188188188188121e+01
2.648298298298298192e+01
2.658408408408408263e+01
2.668518518518518334e+01
2.678628628628628405e+01
2.688738738738738832e+01
2.698848848848848903e+01
2.708958958958958974e+01
2.719069069069069045e+01
2.729179179179179116e+01
2.739289289289289187e+01
2.749399399399399258e+01
2.759509509509509328e+01
2.769619619619619399e+01
2.779729729729729826e+01
2.789839839839839897e+01
2.799949949949949968e+01
2.810060060060060039e+01
2.820170170170170110e+01
2.830280280280280181e+01
2.840390390390390252e+01
2.850500500500500323e+01
2.860610610610610394e+01
2.870720720720720820e+01
2.880830830830830891e+01
2.890940940940940962e+01
2.901051051051051033e+01
2.911161161161161104e+01
2.921271271271271175e+01
2.931381381381381246e+01
2.941491491491491317e+01
2.951601601601601388e+01
2.961711711711711814e+01
2.971821821821821885e+01
2.981931931931931956e+01
2.992042042042042027e+01
3.002152152152152098e+01
3.012262262262262169e+01
3.022372372372372240e+01
3.032482482482482311e+01
3.042592592592592382e+01
3.052702702702702453e+01
3.062812812812812879e+01
3.072922922922922950e+01
3.083033033033033021e+01
3.093143143143143092e+01
3.103253253253253163e+01
3.113363363363363234e+01
3.123473473473473305e+01
3.133583583583583376e+01
3.143693693693693447e+01
3.153803803803803874e+01
3.163913913913913944e+01
3.174024024024024015e+01
3.184134134134134086e+01
3.194244244244244157e+01
3.204354354354354228e+01
3.214464464464464299e+01
3.224574574574574370e+01
3.234684684684684441e+01
3.244794794794795223e+01
3.254904904904904583e+01
3.265015015015014654e+01
3.275125125125124725e+01
3.285235235235235507e+01
3.295345345345345578e+01
3.305455455455455649e+01
3.315565565565565720e+01
3.325675675675675791e+01
3.335785785785785862e+01
3.345895895895895933e+01
3.356006006006006004e+01
3.366116116116116075e+01
3.376226226226226146e+01
3.386336336336336217e+01
3.396446446446446288e+01
3.406556556556556359e+01
3.416666666666666430e+01
3.426776776776776501e+01
3.436886886886886572e+01
3.446996996996996643e+01
3.457107107107106714e+01
3.467217217217216785e+01
3.477327327327327566e+01
3.487437437437437637e+01
3.497547547547547708e+01
3.507657657657657779e+01
3.517767767767767850e+01
3.527877877877877921e+01
3.537987987987987992e+01
3.548098098098098063e+01
3.558208208208208134e+01
3.568318318318318205e+01
3.578428428428428276e+01
3.588538538538538347e+01
3.598648648648648418e+01
3.608758758758758489e+01
3.618868868868868560e+01
3.628978978978978631e+01
3.639089089089088702e+01
3.649199199199198773e+01
3.659309309309309555e+01
3.669419419419419626e+01
3.679529529529529697e+01
3.689639639639639768e+01
3.699749749749749839e+01
3.709859859859859910e+01
3.719969969969969981e+01
3.730080080080080052e+01
3.740190190190190123e+01
3.750300300300300194e+01
3.760410410410410265e+01
3.770520520520520336e+01
3.780630630630630407e+01
3.790740740740740478e+01
3.800850850850850549e+01
3.810960960960960620e+01
3.821071071071070691e+01
3.831181181181180762e+01
3.841291291291291543e+01
3.851401401401401614e+01
3.861511511511511685e+01
3.871621621621621756e+01
3.881731731731731827e+01
3.891841841841841898e+01
3.901951951951951969e+01
3.912062062062062040e+01
3.922172172172172111e+01
3.932282282282282182e+01
3.942392392392392253e+01
3.952502502502502324e+01
3.962612612612612395e+01
3.972722722722722466e+01
3.982832832832832537e+01
3.992942942942942608e+01
4.003053053053052679e+01
4.013163163163162750e+01
4.023273273273272821e+01
4.033383383383383602e+01
4.043493493493493673e+01
4.053603603603603744e+01
4.063713713713713815e+01
4.073823823823823886e+01
4.083933933933933957e+01
4.094044044044044028e+01
4.104154154154154099e+01
4.114264264264264170e+01
4.124374374374374241e+01
4.134484484484484312e+01
4.144594594594594383e+01
4.154704704704704454e+01
4.164814814814814525e+01
4.174924924924924596e+01
4.185035035035034667e+01
4.195145145145144738e+01
4.205255255255254809e+01
4.215365365365365591e+01
4.225475475475475662e+01
4.235585585585585733e+01
4.245695695695695804e+01
4.255805805805805875e+01
4.265915915915915946e+01
4.276026026026026017e+01
4.286136136136136088e+01
4.296246246246246159e+01
4.306356356356356230e+01
4.316466466466466301e+01
4.326576576576576372e+01
4.336686686686686443e+01
4.346796796796796514e+01
4.356906906906906585e+01
4.367017017017016656e+01
4.377127127127126727e+01
4.387237237237236798e+01
4.397347347347347579e+01
4.407457457457457650e+01
4.417567567567567721e+01
4.427677677677677792e+01
4.437787787787787863e+01
4.447897897897897934e+01
4.458008008008008005e+01
4.468118118118118076e+01
4.478228228228228147e+01
4.488338338338338218e+01
4.498448448448448289e+01
4.508558558558558360e+01
4.518668668668668431e+01
4.528778778778778502e+01
4.538888888888888573e+01
4.548998998998998644e+01
4.559109109109108715e+01
4.569219219219218786e+01
4.579329329329328857e+01
4.589439439439439639e+01
4.599549549549549710e+01
4.609659659659659781e+01
4.619769769769769852e+01
4.629879879879879923e+01
4.639989989989989994e+01
4.650100100100100065e+01
4.660210210210210136e+01
4.670320320320320207e+01
4.680430430430430278e+01
4.690540540540540349e+01
4.700650650650650419e+01
4.710760760760760490e+01
4.720870870870870561e+01
4.730980980980980632e+01
4.741091091091090703e+01
4.751201201201200774e+01
4.761311311311310845e+01
4.771421421421421627e+01
4.781531531531531698e+01
4.791641641641641769e+01
4.801751751751751840e+01
4.811861861861861911e+01
4.821971971971971982e+01
4.832082082082082053e+01
4.842192192192192124e+01
4.852302302302302195e+01
4.862412412412412266e+01
4.872522522522522337e+01
4.882632632632632408e+01
4.892742742742742479e+01
4.902852852852852550e+01
4.912962962962962621e+01
4.923073073073072692e+01
4.933183183183182763e+01
4.943293293293292834e+01
4.953403403403403615e+01
4.963513513513513686e+01
4.973623623623623757e+01
4.983733733733733828e+01
4.993843843843843899e+01
5.003953953953953970e+01
5.014064064064064041e+01
5.024174174174174112e+01
5.034284284284284183e+01
5.044394394394394254e+01
5.054504504504504325e+01
5.064614614614614396e+01
5.074724724724724467e+01
5.084834834834834538e+01
5.094944944944944609e+01
5.105055055055054680e+01
5.115165165165164751e+01
5.125275275275274822e+01
5.135385385385385604e+01
5.145495495495495675e+01
5.155605605605605746e+01
5.165715715715715817e+01
5.175825825825825888e+01
5.185935935935935959e+01
5.196046046046046030e+01
5.206156156156156101e+01
5.216266266266266172e+01
5.226376376376376243e+01
5.236486486486486314e+01
5.246596596596596385e+01
5.256706706706706456e+01
5.266816816816816527e+01
5.276926926926926598e+01
5.287037037037036669e+01
5.297147147147146740e+01
5.307257257257256811e+01
5.317367367367366882e+01
5.327477477477477663e+01
5.337587587587587734e+01
5.347697697697697805e+01
5.357807807807807876e+01
5.367917917917917947e+01
5.378028028028028018e+01
5.388138138138138089e+01
5.398248248248248160e+01
5.408358358358358231e+01
5.418468468468468302e+01
5.428578578578578373e+01
5.438688688688688444e+01
5.448798798798798515e+01
5.458908908908908586e+01
5.469019019019018657e+01
5.479129129129128728e+01
5.489239239239238799e+01
5.499349349349348870e+01
5.509459459459459651e+01
5.519569569569569722e+01
5.529679679679679793e+01
5.539789789789789864e+01
5.549899899899899935e+01
5.560010010010010006e+01
5.570120120120120077e+01
5.580230230230230148e+01
5.590340340340340219e+01
5.600450450450450290e+01
5.610560560560560361e+01
5.620670670670670432e+01
5.630780780780780503e+01
5.640890890890890574e+01
5.651001001001000645e+01
5.661111111111110716e+01
5.671221221221220787e+01
5.681331331331330858e+01
5.691441441441441640e+01
5.701551551551551711e+01
5.711661661661661782e+01
5.721771771771771853e+01
5.731881881881881924e+01
5.741991991991991995e+01
5.752102102102102066e+01
5.762212212212212137e+01
5.772322322322322208e+01
5.782432432432432279e+01
5.792542542542542350e+01
5.802652652652652421e+01
5.812762762762762492e+01
5.822872872872872563e+01
5.832982982982982634e+01
5.843093093093092705e+01
5.853203203203202776e+01
5.863313313313312847e+01
5.873423423423423628e+01
5.883533533533533699e+01
5.893643643643643770e+01
5.903753753753753841e+01
5.913863863863863912e+01
5.923973973973973983e+01
5.934084084084084054e+01
5.944194194194194125e+01
5.954304304304304196e+01
5.964414414414414267e+01
5.974524524524524338e+01
5.984634634634634409e+01
5.994744744744744480e+01
6.004854854854854551e+01
6.014964964964964622e+01
6.025075075075074693e+01
6.035185185185184764e+01
6.045295295295294835e+01
6.055405405405404906e+01
6.065515515515515688e+01
6.075625625625625759e+01
6.085735735735735830e+01
6.095845845845845901e+01
6.105955955955955972e+01
6.116066066066066043e+01
6.126176176176176114e+01
6.136286286286286185e+01
6.146396396396396256e+01
6.156506506506506327e+01
6.166616616616616398e+01
6.176726726726726469e+01
6.186836836836836540e+01
6.196946946946946611e+01
6.207057057057056682e+01
6.217167167167166753e+01
6.227277277277276823e+01
6.237387387387386894e+01
6.247497497497497676e+01
6.257607607607607747e+01
6.267717717717717818e+01
6.277827827827827889e+01
6.287937937937937960e+01
6.298048048048048031e+01
6.308158158158158102e+01
6.318268268268268173e+01
6.328378378378378244e+01
6.338488488488488315e+01
6.348598598598598386e+01
6.358708708708708457e+01
6.368818818818818528e+01
6.378928928928928599e+01
6.389039039039038670e+01
6.399149149149148741e+01
6.409259259259258101e+01
6.419369369369368883e+01
6.429479479479479664e+01
6.439589589589590446e+01
6.449699699699699806e+01
6.459809809809809167e+01
6.469919919919919948e+01
6.480030030030029309e+01
6.490140140140140090e+01
6.500250250250249451e+01
6.510360360360360232e+01
6.520470470470471014e+01
6.530580580580580374e+01
6.540690690690691156e+01
6.550800800800800516e+01
6.560910910910911298e+01
6.571021021021020658e+01
6.581131131131131440e+01
6.591241241241240800e+01
6.601351351351351582e+01
6.611461461461460942e+01
6.621571571571571724e+01
6.631681681681681084e+01
6.641791791791791866e+01
6.651901901901901226e+01
6.662012012012012008e+01
6.672122122122121368e+01
6.682232232232232150e+01
6.692342342342341510e+01
6.702452452452452292e+01
6.712562562562563073e+01
6.722672672672672434e+01
6.732782782782783215e+01
6.742892892892892576e+01
6.753003003003003357e+01
6.763113113113112718e+01
6.773223223223223499e+01
6.783333333333332860e+01
6.793443443443443641e+01
6.803553553553553002e+01
6.813663663663663783e+01
6.823773773773773144e+01
6.833883883883883925e+01
6.843993993993993286e+01
6.854104104104104067e+01
6.864214214214213428e+01
6.874324324324324209e+01
6.884434434434433570e+01
6.894544544544544351e+01
6.904654654654655133e+01
6.914764764764764493e+01
6.924874874874875275e+01
6.934984984984984635e+01
6.945095095095095417e+01
6.955205205205204777e+01
6.965315315315315559e+01
6.975425425425424919e+01
6.985535535535535701e+01
6.995645645645645061e+01
7.005755755755755843e+01
7.015865865865865203e+01
7.025975975975975985e+01
7.036086086086085345e+01
7.046196196196196126e+01
7.056306306306305487e+01
7.066416416416416268e+01
7.076526526526527050e+01
7.086636636636636410e+01
7.096746746746747192e+01
7.106856856856856552e+01
7.116966966966967334e+01
7.127077077077076694e+01
7.137187187187187476e+01
7.147297297297296836e+01
7.157407407407407618e+01
7.167517517517516978e+01
7.177627627627627760e+01
7.187737737737737120e+01
7.197847847847847902e+01
7.207957957957957262e+01
7.218068068068068044e+01
7.228178178178177404e+01
7.238288288288288186e+01
7.248398398398397546e+01
7.258508508508508328e+01
7.268618618618619109e+01
7.278728728728728470e+01
7.288838838838839251e+01
7.298948948948948612e+01
7.309059059059059393e+01
7.319169169169168754e+01
7.329279279279279535e+01
7.339389389389388896e+01
7.349499499499499677e+01
7.359609609609609038e+01
7.369719719719719819e+01
7.379829829829829180e+01
7.389939939939939961e+01
7.400050050050049322e+01
7.410160160160160103e+01
7.420270270270269464e+01
7.430380380380380245e+01
7.440490490490489606e+01
7.450600600600600387e+01
7.460710710710711169e+01
7.470820820820820529e+01
7.480930930930931311e+01
7.491041041041040671e+01
7.501151151151151453e+01
7.511261261261260813e+01
7.521371371371371595e+01
7.531481481481480955e+01
7.541591591591591737e+01
7.551701701701701097e+01
7.561811811811811879e+01
7.571921921921921239e+01
7.582032032032032021e+01
7.592142142142141381e+01
7.602252252252252163e+01
7.612362362362361523e+01
7.622472472472472305e+01
7.632582582582583086e+01
7.642692692692692447e+01
7.652802802802803228e+01
7.662912912912912589e+01
7.673023023023023370e+01
7.683133133133132731e+01
7.693243243243243512e+01
7.703353353353352873e+01
7.713463463463463654e+01
7.723573573573573015e+01
7.733683683683683796e+01
7.743793793793793157e+01
7.753903903903903938e+01
7.764014014014013298e+01
7.774124124124124080e+01
7.784234234234233440e+01
7.794344344344344222e+01
7.804454454454453582e+01
7.814564564564564364e+01
7.824674674674675146e+01
7.834784784784784506e+01
7.844894894894895288e+01
7.855005005005004648e+01
7.865115115115115429e+01
7.875225225225224790e+01
7.885335335335335571e+01
7.895445445445444932e+01
7.905555555555555713e+01
7.915665665665665074e+01
7.925775775775775855e+01
7.935885885885885216e+01
7.945995995995995997e+01
7.956106106106105358e+01
7.966216216216216139e+01
7.976326326326325500e+01
7.986436436436436281e+01
7.996546546546545642e+01
8.006656656656656423e+01
8.016766766766767205e+01
8.026876876876876565e+01
8.036986986986987347e+01
8.047097097097096707e+01
8.057207207207207489e+01
8.067317317317316849e+01
8.077427427427427631e+01
8.087537537537536991e+01
8.097647647647647773e+01
8.107757757757757133e+01
8.117867867867867915e+01
8.127977977977977275e+01
8.138088088088088057e+01
8.148198198198197417e+01
8.158308308308308199e+01
8.168418418418417559e+01
8.178528528528528341e+01
8.188638638638639122e+01
8.198748748748748483e+01
8.208858858858859264e+01
8.218968968968968625e+01
8.229079079079079406e+01
8.239189189189188767e+01
8.249299299299299548e+01
8.259409409409408909e+01
8.269519519519519690e+01
8.279629629629629051e+01
8.289739739739739832e+01
8.299849849849849193e+01
8.309959959959959974e+01
8.320070070070069335e+01
8.330180180180180116e+01
8.340290290290289477e+01
8.350400400400400258e+01
8.360510510510509619e+01
8.370620620620620400e+01
8.380730730730731182e+01
8.390840840840840542e+01
8.400950950950951324e+01
8.411061061061060684e+01
8.421171171171171466e+01
8.431281281281280826e+01
8.441391391391391608e+01
8.451501501501500968e+01
8.461611611611611750e+01
8.471721721721721110e+01
8.481831831831831892e+01
8.491941941941941252e+01
8.502052052052052034e+01
8.512162162162161394e+01
8.522272272272272176e+01
8.532382382382381536e+01
8.542492492492492318e+01
8.552602602602601678e+01
8.562712712712712460e+01
8.572822822822823241e+01
8.582932932932932601e+01
8.593043043043043383e+01
8.603153153153152743e+01
8.613263263263263525e+01
8.623373373373372885e+01
8.633483483483483667e+01
8.643593593593593027e+01
8.653703703703703809e+01
8.663813813813813169e+01
8.673923923923923951e+01
8.684034034034033311e+01
8.694144144144144093e+01
8.704254254254253453e+01
8.714364364364364235e+01
8.724474474474473595e+01
8.734584584584584377e+01
8.744694694694695158e+01
8.754804804804804519e+01
8.764914914914915300e+01
8.775025025025024661e+01
8.785135135135135442e+01
8.795245245245244803e+01
8.805355355355355584e+01
8.815465465465464945e+01
8.825575575575575726e+01
8.835685685685685087e+01
8.845795795795795868e+01
8.855905905905905229e+01
8.866016016016016010e+01
8.876126126126125371e+01
8.886236236236236152e+01
8.896346346346345513e+01
8.906456456456456294e+01
8.916566566566565655e+01
8.926676676676676436e+01
8.936786786786787218e+01
8.946896896896896578e+01
8.957007007007007360e+01
8.967117117117116720e+01
8.977227227227227502e+01
8.987337337337336862e+01
8.997447447447447644e+01
9.007557557557557004e+01
9.017667667667667786e+01
9.027777777777777146e+01
9.037887887887887928e+01
9.047997997997997288e+01
9.058108108108108070e+01
9.068218218218217430e+01
9.078328328328328212e+01
9.088438438438437572e+01
9.098548548548548354e+01
9.108658658658657714e+01
9.118768768768768496e+01
9.128878878878879277e+01
9.138988988988988638e+01
9.149099099099099419e+01
9.159209209209208780e+01
9.169319319319319561e+01
9.179429429429428922e+01
9.189539539539539703e+01
9.199649649649649064e+01
9.209759759759759845e+01
9.219869869869869206e+01
9.229979979979979987e+01
9.240090090090089348e+01
9.250200200200200129e+01
9.260310310310309490e+01
9.270420420420420271e+01
9.280530530530529632e+01
9.290640640640640413e+01
9.300750750750751195e+01
9.310860860860860555e+01
9.320970970970971337e+01
9.331081081081080697e+01
9.341191191191191479e+01
9.351301301301300839e+01
9.361411411411411621e+01
9.371521521521520981e+01
9.381631631631631763e+01
9.391741741741741123e+01
9.401851851851851904e+01
9.411961961961961265e+01
9.422072072072072046e+01
9.432182182182181407e+01
9.442292292292292188e+01
9.452402402402401549e+01
9.462512512512512330e+01
9.472622622622621691e+01
9.482732732732732472e+01
9.492842842842843254e+01
9.502952952952952614e+01
9.513063063063063396e+01
9.523173173173172756e+01
9.533283283283283538e+01
9.543393393393392898e+01
9.553503503503503680e+01
9.563613613613613040e+01
9.573723723723723822e+01
9.583833833833833182e+01
9.593943943943943964e+01
9.604054054054053324e+01
9.614164164164164106e+01
9.624274274274273466e+01
9.634384384384384248e+01
9.644494494494493608e+01
9.654604604604604390e+01
9.664714714714715171e+01
9.674824824824824532e+01
9.684934934934935313e+01
9.695045045045044674e+01
9.705155155155155455e+01
9.715265265265264816e+01
9.725375375375375597e+01
9.735485485485484958e+01
9.745595595595595739e+01
9.755705705705705100e+01
9.765815815815815881e+01
9.775925925925925242e+01
9.786036036036036023e+01
9.796146146146145384e+01
9.806256256256256165e+01
9.816366366366365526e+01
9.826476476476476307e+01
9.836586586586585668e+01
9.846696696696696449e+01
9.856806806806807231e+01
9.866916916916916591e+01
9.877027027027027373e+01
9.887137137137136733e+01
9.897247247247247515e+01
9.907357357357356875e+01
9.917467467467467657e+01
9.927577577577577017e+01
9.937687687687687799e+01
9.947797797797797159e+01
9.957907907907907941e+01
9.968018018018017301e+01
9.978128128128128083e+01
9.988238238238237443e+01
9.998348348348348225e+01
1.000845845845845759e+02
1.001856856856856837e+02
1.002867867867867773e+02
1.003878878878878851e+02
1.004889889889889929e+02
1.005900900900900865e+02
1.006911911911911943e+02
1.007922922922922879e+02
1.008933933933933957e+02
1.009944944944944893e+02
1.010955955955955972e+02
1.011966966966966908e+02
1.012977977977977986e+02
1.013988988988988922e+02
1.015000000000000000e+02
